
kevin@Kevin-X16 MINGW64 /c/Repositories/School/Semester4/CECS_574/HW1/lopez_kevin_013378831 (main)
$ g++ -mavx2 z_score_norm__Original__.cpp -o z_norm_og.exe

# Run the executable 15 times
for i in {1..15}
do
  echo -e "-----\n\n\n\nRun #$i"
  ./z_norm_og.exe
done
-----



Run #1
Matrix before normalization
1.00 8.00 9.00 0.00 1.00 7.00 5.00 5.00 4.00 8.00 
11.00 0.00 3.00 2.00 10.00 1.00 9.00 1.00 1.00 2.00 
2.00 0.00 4.00 6.00 11.00 11.00 2.00 3.00 1.00 1.00 
7.00 1.00 13.00 5.00 8.00 0.00 11.00 10.00 7.00 8.00 
3.00 1.00 6.00 8.00 0.00 13.00 8.00 12.00 2.00 8.00 
5.00 11.00 14.00 8.00 7.00 8.00 8.00 11.00 10.00 5.00 
17.00 4.00 8.00 6.00 18.00 2.00 11.00 16.00 14.00 10.00 
5.00 6.00 8.00 7.00 16.00 11.00 7.00 11.00 17.00 4.00 
11.00 20.00 3.00 2.00 2.00 21.00 22.00 10.00 2.00 15.00 
9.00 22.00 4.00 19.00 11.00 0.00 3.00 21.00 4.00 13.00 
Mean of the first row: 5.00
Standard Deviation of the first row: 3.17
Mean of the last row: 16398.37
Standard Deviation of the last row: 9453.82

Matrix after normalization
-1.26 0.95 1.26 -1.58 -1.26 0.63 0.00 0.00 -0.31 0.95 
1.60 -1.59 -0.72 -1.01 1.31 -1.30 1.02 -1.30 -1.30 -1.01 
-1.06 -1.60 -0.53 0.00 1.34 1.34 -1.06 -0.80 -1.33 -1.33 
0.12 -1.37 1.62 -0.37 0.37 -1.62 1.12 0.87 0.12 0.37 
-0.93 -1.39 -0.24 0.23 -1.63 1.39 0.23 1.16 -1.16 0.23 
-0.61 0.62 1.23 0.01 -0.20 0.01 0.01 0.62 0.42 -0.61 
1.47 -0.91 -0.18 -0.54 1.65 -1.27 0.37 1.28 0.92 0.19 
-0.83 -0.66 -0.33 -0.50 0.99 0.16 -0.50 0.16 1.15 -0.99 
0.01 1.36 -1.20 -1.35 -1.35 1.51 1.66 -0.15 -1.35 0.61 
-0.41 1.40 -1.11 0.98 -0.14 -1.67 -1.25 1.26 -1.11 0.14 
Mean of the first row: 0.00
Standard Deviation of the first row: 1.00
Mean of the last row: 0.00
Standard Deviation of the last row: 1.00
Time taken for NON-SIMD code: 29.86 seconds.
-----



Run #2
Matrix before normalization
10.00 6.00 2.00 1.00 0.00 0.00 4.00 2.00 4.00 1.00
6.00 3.00 11.00 5.00 5.00 2.00 1.00 9.00 9.00 9.00
7.00 1.00 1.00 7.00 0.00 7.00 1.00 2.00 5.00 8.00
2.00 4.00 1.00 0.00 4.00 7.00 5.00 3.00 3.00 13.00
5.00 2.00 10.00 7.00 2.00 10.00 1.00 11.00 14.00 12.00
16.00 1.00 12.00 14.00 15.00 7.00 7.00 8.00 9.00 4.00
4.00 6.00 10.00 18.00 7.00 3.00 2.00 9.00 18.00 6.00
5.00 11.00 20.00 4.00 4.00 6.00 2.00 3.00 12.00 7.00
20.00 19.00 18.00 4.00 16.00 1.00 6.00 0.00 19.00 10.00
18.00 7.00 20.00 19.00 14.00 12.00 8.00 24.00 22.00 10.00
Mean of the first row: 5.03
Standard Deviation of the first row: 3.16
Mean of the last row: 16395.50
Standard Deviation of the last row: 9469.18

Matrix after normalization
1.58 0.31 -0.96 -1.28 -1.59 -1.59 -0.33 -0.96 -0.33 -1.28
0.15 -0.72 1.60 -0.14 -0.14 -1.01 -1.30 1.02 1.02 1.02
0.26 -1.35 -1.35 0.26 -1.62 0.26 -1.35 -1.08 -0.28 0.53
-1.10 -0.61 -1.35 -1.60 -0.61 0.14 -0.36 -0.85 -0.85 1.62
-0.46 -1.15 0.70 0.01 -1.15 0.70 -1.38 0.93 1.63 1.16
1.63 -1.44 0.82 1.22 1.43 -0.21 -0.21 -0.00 0.20 -0.82
-0.92 -0.56 0.17 1.63 -0.37 -1.10 -1.28 -0.01 1.63 -0.56
-0.83 0.17 1.65 -0.99 -0.99 -0.66 -1.32 -1.16 0.33 -0.49
1.35 1.20 1.05 -1.06 0.75 -1.51 -0.76 -1.66 1.20 -0.16
0.83 -0.70 1.10 0.96 0.27 -0.00 -0.56 1.66 1.38 -0.28
Mean of the first row: 0.00
Standard Deviation of the first row: 1.00
Mean of the last row: -0.00
Standard Deviation of the last row: 1.00
Time taken for NON-SIMD code: 25.70 seconds.
-----



Run #3
Matrix before normalization
7.00 9.00 2.00 6.00 0.00 4.00 5.00 5.00 10.00 3.00
2.00 5.00 9.00 2.00 7.00 5.00 7.00 9.00 8.00 9.00
0.00 2.00 9.00 0.00 10.00 3.00 1.00 5.00 12.00 8.00
1.00 10.00 3.00 13.00 9.00 8.00 0.00 3.00 1.00 6.00
3.00 1.00 4.00 6.00 6.00 4.00 13.00 12.00 9.00 13.00
10.00 16.00 5.00 2.00 15.00 16.00 6.00 2.00 11.00 6.00
6.00 0.00 12.00 12.00 3.00 9.00 14.00 8.00 13.00 14.00
13.00 14.00 15.00 20.00 8.00 5.00 9.00 14.00 15.00 8.00
0.00 12.00 5.00 7.00 11.00 8.00 0.00 13.00 2.00 8.00
4.00 4.00 22.00 6.00 19.00 17.00 4.00 1.00 23.00 9.00
Mean of the first row: 4.99
Standard Deviation of the first row: 3.16
Mean of the last row: 16376.04
Standard Deviation of the last row: 9450.01

Matrix after normalization
0.64 1.27 -0.95 0.32 -1.58 -0.31 0.00 0.00 1.59 -0.63
-1.03 -0.15 1.01 -1.03 0.43 -0.15 0.43 1.01 0.72 1.01
-1.61 -1.07 0.81 -1.61 1.08 -0.80 -1.34 -0.26 1.61 0.54
-1.37 0.87 -0.87 1.62 0.62 0.37 -1.62 -0.87 -1.37 -0.12
-0.93 -1.39 -0.70 -0.23 -0.23 -0.70 1.39 1.16 0.46 1.39
0.41 1.64 -0.61 -1.22 1.43 1.64 -0.40 -1.22 0.62 -0.40
-0.55 -1.64 0.55 0.55 -1.10 -0.00 0.91 -0.18 0.73 0.91
0.49 0.65 0.82 1.64 -0.34 -0.84 -0.18 0.65 0.82 -0.34
-1.66 0.15 -0.90 -0.60 0.00 -0.45 -1.66 0.30 -1.36 -0.45
-1.11 -1.11 1.38 -0.83 0.97 0.69 -1.11 -1.52 1.52 -0.42
Mean of the first row: -0.00
Standard Deviation of the first row: 1.00
Mean of the last row: 0.00
Standard Deviation of the last row: 1.00
Time taken for NON-SIMD code: 22.17 seconds.
-----



Run #4
Matrix before normalization
2.00 0.00 7.00 6.00 10.00 10.00 10.00 7.00 9.00 9.00
1.00 1.00 10.00 8.00 0.00 1.00 4.00 7.00 9.00 5.00
11.00 6.00 9.00 3.00 7.00 1.00 12.00 10.00 4.00 2.00
12.00 8.00 13.00 4.00 10.00 9.00 9.00 0.00 7.00 1.00
0.00 3.00 14.00 14.00 8.00 6.00 4.00 2.00 6.00 0.00
14.00 2.00 1.00 10.00 11.00 14.00 5.00 8.00 11.00 15.00
15.00 2.00 7.00 7.00 10.00 10.00 9.00 7.00 18.00 1.00
14.00 6.00 11.00 6.00 12.00 12.00 7.00 14.00 7.00 3.00
18.00 9.00 10.00 8.00 16.00 12.00 9.00 18.00 7.00 9.00
7.00 22.00 12.00 14.00 12.00 8.00 22.00 14.00 13.00 21.00
Mean of the first row: 4.99
Standard Deviation of the first row: 3.17
Mean of the last row: 16363.19
Standard Deviation of the last row: 9469.18

Matrix after normalization
-0.94 -1.58 0.63 0.32 1.58 1.58 1.58 0.63 1.26 1.26
-1.31 -1.31 1.30 0.72 -1.60 -1.31 -0.44 0.43 1.01 -0.15
1.34 -0.00 0.80 -0.80 0.27 -1.34 1.60 1.07 -0.54 -1.07
1.37 0.37 1.62 -0.62 0.87 0.62 0.62 -1.61 0.13 -1.36
-1.63 -0.93 1.62 1.62 0.23 -0.23 -0.70 -1.16 -0.23 -1.63
1.23 -1.22 -1.43 0.41 0.61 1.23 -0.61 0.00 0.61 1.43
1.10 -1.28 -0.37 -0.37 0.18 0.18 -0.00 -0.37 1.64 -1.46
0.66 -0.66 0.16 -0.66 0.33 0.33 -0.49 0.66 -0.49 -1.15
1.06 -0.29 -0.14 -0.44 0.76 0.16 -0.29 1.06 -0.59 -0.29
-0.68 1.38 0.00 0.28 0.00 -0.55 1.38 0.28 0.14 1.24
Mean of the first row: -0.00
Standard Deviation of the first row: 1.00
Mean of the last row: 0.00
Standard Deviation of the last row: 1.00
Time taken for NON-SIMD code: 23.97 seconds.
-----



Run #5
Matrix before normalization
7.00 7.00 4.00 5.00 1.00 3.00 2.00 5.00 10.00 7.00
5.00 1.00 7.00 6.00 5.00 5.00 10.00 10.00 3.00 1.00
11.00 12.00 5.00 8.00 1.00 12.00 8.00 6.00 5.00 3.00
1.00 3.00 5.00 0.00 3.00 4.00 4.00 13.00 6.00 8.00
11.00 0.00 11.00 5.00 6.00 12.00 7.00 13.00 7.00 5.00
7.00 9.00 6.00 5.00 12.00 12.00 4.00 15.00 8.00 10.00
18.00 16.00 17.00 9.00 11.00 3.00 12.00 0.00 3.00 10.00
0.00 5.00 10.00 10.00 18.00 0.00 5.00 0.00 20.00 4.00
15.00 2.00 15.00 6.00 6.00 9.00 6.00 18.00 18.00 10.00
4.00 16.00 24.00 11.00 12.00 5.00 20.00 23.00 22.00 23.00
Mean of the first row: 5.00
Standard Deviation of the first row: 3.16
Mean of the last row: 16319.82
Standard Deviation of the last row: 9485.34

Matrix after normalization
0.63 0.63 -0.32 0.00 -1.26 -0.63 -0.95 0.00 1.58 0.63
-0.14 -1.31 0.44 0.15 -0.14 -0.14 1.32 1.32 -0.72 -1.31
1.33 1.60 -0.27 0.53 -1.35 1.60 0.53 -0.01 -0.27 -0.81
-1.37 -0.87 -0.37 -1.62 -0.87 -0.62 -0.62 1.61 -0.13 0.37
0.92 -1.62 0.92 -0.46 -0.23 1.15 -0.00 1.38 -0.00 -0.46
-0.21 0.20 -0.41 -0.61 0.81 0.81 -0.82 1.42 -0.00 0.40
1.64 1.27 1.46 -0.00 0.36 -1.09 0.55 -1.64 -1.09 0.18
-1.65 -0.83 -0.00 -0.00 1.32 -1.65 -0.83 -1.65 1.65 -0.99
0.59 -1.37 0.59 -0.77 -0.77 -0.31 -0.77 1.05 1.05 -0.16
-1.10 0.56 1.67 -0.13 0.00 -0.97 1.11 1.53 1.39 1.53
Mean of the first row: 0.00
Standard Deviation of the first row: 1.00
Mean of the last row: -0.00
Standard Deviation of the last row: 1.00
Time taken for NON-SIMD code: 21.83 seconds.
-----



Run #6
Matrix before normalization
10.00 6.00 10.00 9.00 3.00 8.00 6.00 7.00 8.00 3.00
1.00 0.00 7.00 0.00 5.00 2.00 7.00 8.00 8.00 11.00
10.00 5.00 12.00 7.00 5.00 10.00 5.00 1.00 4.00 9.00
10.00 1.00 11.00 6.00 5.00 12.00 6.00 11.00 9.00 10.00
10.00 11.00 5.00 10.00 7.00 7.00 6.00 4.00 7.00 7.00
15.00 0.00 0.00 8.00 6.00 10.00 12.00 3.00 6.00 16.00
9.00 15.00 3.00 6.00 0.00 6.00 18.00 17.00 4.00 9.00
7.00 10.00 14.00 2.00 6.00 12.00 15.00 17.00 13.00 11.00
6.00 19.00 0.00 13.00 6.00 17.00 13.00 4.00 13.00 14.00
18.00 23.00 22.00 6.00 14.00 5.00 4.00 6.00 14.00 20.00
Mean of the first row: 4.96
Standard Deviation of the first row: 3.15
Mean of the last row: 16484.77
Standard Deviation of the last row: 9456.29

Matrix after normalization
1.60 0.33 1.60 1.28 -0.62 0.97 0.33 0.65 0.97 -0.62
-1.30 -1.59 0.43 -1.59 -0.15 -1.01 0.43 0.72 0.72 1.59
1.06 -0.27 1.60 0.26 -0.27 1.06 -0.27 -1.34 -0.54 0.80
0.86 -1.37 1.11 -0.13 -0.38 1.36 -0.13 1.11 0.61 0.86
0.70 0.93 -0.46 0.70 0.00 0.00 -0.23 -0.69 0.00 0.00
1.43 -1.64 -1.64 0.00 -0.41 0.41 0.82 -1.02 -0.41 1.64
-0.00 1.09 -1.10 -0.55 -1.65 -0.55 1.64 1.46 -0.92 -0.00
-0.49 0.00 0.67 -1.32 -0.66 0.33 0.83 1.16 0.50 0.17
-0.75 1.22 -1.66 0.31 -0.75 0.92 0.31 -1.05 0.31 0.46
0.82 1.51 1.38 -0.84 0.27 -0.98 -1.12 -0.84 0.27 1.10
Mean of the first row: 0.00
Standard Deviation of the first row: 1.00
Mean of the last row: 0.00
Standard Deviation of the last row: 1.00
Time taken for NON-SIMD code: 22.96 seconds.
-----



Run #7
Matrix before normalization
9.00 9.00 5.00 4.00 0.00 2.00 10.00 8.00 8.00 0.00
0.00 6.00 9.00 6.00 11.00 9.00 0.00 6.00 7.00 9.00
2.00 12.00 11.00 7.00 0.00 12.00 10.00 12.00 6.00 3.00
3.00 12.00 11.00 3.00 6.00 6.00 11.00 6.00 3.00 4.00
12.00 5.00 1.00 8.00 10.00 0.00 3.00 1.00 7.00 10.00
8.00 6.00 16.00 11.00 12.00 9.00 3.00 0.00 16.00 12.00
5.00 8.00 6.00 5.00 14.00 12.00 13.00 9.00 13.00 3.00
10.00 2.00 15.00 5.00 5.00 2.00 8.00 2.00 3.00 5.00
12.00 20.00 3.00 1.00 16.00 17.00 8.00 5.00 4.00 20.00
2.00 2.00 23.00 2.00 11.00 13.00 23.00 24.00 21.00 23.00
Mean of the first row: 5.02
Standard Deviation of the first row: 3.17
Mean of the last row: 16424.88
Standard Deviation of the last row: 9434.16

Matrix after normalization
1.26 1.26 -0.01 -0.32 -1.58 -0.95 1.57 0.94 0.94 -1.58
-1.59 0.15 1.01 0.15 1.59 1.01 -1.59 0.15 0.44 1.01
-1.07 1.61 1.34 0.27 -1.60 1.61 1.07 1.61 0.00 -0.80
-0.87 1.36 1.11 -0.87 -0.13 -0.13 1.11 -0.13 -0.87 -0.62
1.15 -0.47 -1.40 0.23 0.69 -1.63 -0.93 -1.40 -0.01 0.69
-0.00 -0.41 1.64 0.61 0.82 0.20 -1.03 -1.64 1.64 0.82
-0.73 -0.18 -0.54 -0.73 0.91 0.55 0.73 0.00 0.73 -1.09
0.00 -1.32 0.83 -0.83 -0.83 -1.32 -0.33 -1.32 -1.16 -0.83
0.15 1.35 -1.20 -1.50 0.75 0.90 -0.45 -0.90 -1.05 1.35
-1.39 -1.39 1.53 -1.39 -0.14 0.14 1.53 1.67 1.25 1.53
Mean of the first row: 0.00
Standard Deviation of the first row: 1.00
Mean of the last row: -0.00
Standard Deviation of the last row: 1.00
Time taken for NON-SIMD code: 21.54 seconds.
-----



Run #8
Matrix before normalization
1.00 10.00 10.00 8.00 3.00 8.00 4.00 0.00 5.00 6.00
8.00 5.00 9.00 1.00 11.00 6.00 9.00 5.00 3.00 6.00
1.00 5.00 0.00 11.00 4.00 5.00 6.00 7.00 6.00 9.00
12.00 10.00 3.00 3.00 1.00 9.00 5.00 4.00 12.00 6.00
11.00 1.00 10.00 13.00 10.00 11.00 3.00 7.00 7.00 4.00
7.00 5.00 9.00 14.00 6.00 7.00 10.00 5.00 6.00 0.00
15.00 7.00 11.00 2.00 2.00 15.00 0.00 7.00 14.00 13.00
9.00 7.00 18.00 18.00 14.00 6.00 18.00 19.00 4.00 13.00
3.00 13.00 3.00 1.00 9.00 2.00 15.00 13.00 22.00 2.00
17.00 16.00 21.00 21.00 6.00 14.00 6.00 7.00 12.00 20.00
Mean of the first row: 4.98
Standard Deviation of the first row: 3.16
Mean of the last row: 16444.46
Standard Deviation of the last row: 9450.49

Matrix after normalization
-1.26 1.59 1.59 0.96 -0.62 0.96 -0.31 -1.57 0.01 0.32
0.73 -0.14 1.02 -1.30 1.60 0.15 1.02 -0.14 -0.72 0.15
-1.34 -0.27 -1.60 1.34 -0.54 -0.27 -0.00 0.27 -0.00 0.80
1.38 0.88 -0.86 -0.86 -1.36 0.63 -0.36 -0.61 1.38 -0.12
0.91 -1.40 0.68 1.38 0.68 0.91 -0.94 -0.01 -0.01 -0.71
-0.20 -0.61 0.21 1.23 -0.41 -0.20 0.41 -0.61 -0.41 -1.63
1.09 -0.37 0.36 -1.28 -1.28 1.09 -1.64 -0.37 0.91 0.73
-0.16 -0.49 1.32 1.32 0.66 -0.65 1.32 1.49 -0.98 0.50
-1.21 0.30 -1.21 -1.51 -0.31 -1.36 0.60 0.30 1.65 -1.36
0.69 0.56 1.25 1.25 -0.83 0.28 -0.83 -0.69 0.00 1.11
Mean of the first row: -0.00
Standard Deviation of the first row: 1.00
Mean of the last row: 0.00
Standard Deviation of the last row: 1.00
Time taken for NON-SIMD code: 22.04 seconds.
-----



Run #9
Matrix before normalization
7.00 1.00 5.00 8.00 2.00 1.00 9.00 2.00 4.00 2.00
3.00 2.00 6.00 3.00 5.00 2.00 5.00 3.00 5.00 2.00
7.00 1.00 5.00 1.00 1.00 3.00 4.00 12.00 6.00 3.00
8.00 8.00 12.00 1.00 9.00 10.00 9.00 0.00 10.00 7.00
1.00 3.00 5.00 7.00 5.00 12.00 9.00 13.00 4.00 14.00
4.00 0.00 5.00 13.00 10.00 5.00 10.00 1.00 6.00 9.00
12.00 17.00 5.00 4.00 17.00 4.00 13.00 6.00 0.00 12.00
18.00 12.00 6.00 17.00 18.00 1.00 16.00 7.00 17.00 20.00
21.00 11.00 8.00 1.00 13.00 6.00 1.00 18.00 3.00 19.00
19.00 9.00 11.00 4.00 6.00 5.00 24.00 20.00 3.00 7.00
Mean of the first row: 5.02
Standard Deviation of the first row: 3.17
Mean of the last row: 16393.21
Standard Deviation of the last row: 9436.13

Matrix after normalization
0.63 -1.27 -0.01 0.94 -0.95 -1.27 1.26 -0.95 -0.32 -0.95
-0.74 -1.03 0.14 -0.74 -0.15 -1.03 -0.15 -0.74 -0.15 -1.03
0.27 -1.33 -0.27 -1.33 -1.33 -0.80 -0.53 1.60 0.00 -0.80
0.36 0.36 1.35 -1.37 0.61 0.86 0.61 -1.62 0.86 0.11
-1.39 -0.93 -0.46 -0.00 -0.46 1.16 0.46 1.39 -0.70 1.62
-0.81 -1.63 -0.61 1.03 0.41 -0.61 0.41 -1.43 -0.40 0.21
0.55 1.46 -0.73 -0.91 1.46 -0.91 0.73 -0.55 -1.64 0.55
1.33 0.33 -0.66 1.16 1.33 -1.49 0.99 -0.50 1.16 1.66
1.51 0.00 -0.45 -1.51 0.30 -0.75 -1.51 1.06 -1.21 1.21
0.97 -0.42 -0.15 -1.12 -0.84 -0.98 1.66 1.11 -1.26 -0.70
Mean of the first row: 0.00
Standard Deviation of the first row: 1.00
Mean of the last row: -0.00
Standard Deviation of the last row: 1.00
Time taken for NON-SIMD code: 22.12 seconds.
-----



Run #10
Matrix before normalization
3.00 2.00 1.00 8.00 2.00 7.00 1.00 5.00 2.00 9.00
10.00 10.00 7.00 10.00 6.00 10.00 10.00 1.00 11.00 2.00
0.00 5.00 5.00 10.00 3.00 6.00 7.00 0.00 7.00 4.00
13.00 5.00 8.00 13.00 10.00 11.00 13.00 11.00 1.00 2.00
13.00 5.00 0.00 8.00 6.00 7.00 0.00 10.00 0.00 1.00
8.00 2.00 2.00 11.00 6.00 3.00 1.00 7.00 6.00 10.00
3.00 7.00 0.00 17.00 12.00 5.00 8.00 5.00 17.00 17.00
19.00 3.00 2.00 4.00 1.00 8.00 1.00 7.00 9.00 7.00
0.00 8.00 14.00 18.00 18.00 10.00 17.00 0.00 8.00 20.00
15.00 2.00 20.00 12.00 6.00 22.00 16.00 8.00 11.00 20.00
Mean of the first row: 5.02
Standard Deviation of the first row: 3.16
Mean of the last row: 16416.02
Standard Deviation of the last row: 9445.98

Matrix after normalization
-0.64 -0.96 -1.27 0.94 -0.96 0.63 -1.27 -0.01 -0.96 1.26
1.30 1.30 0.43 1.30 0.14 1.30 1.30 -1.30 1.59 -1.01
-1.60 -0.27 -0.27 1.07 -0.80 0.00 0.27 -1.60 0.27 -0.53
1.61 -0.37 0.37 1.61 0.87 1.12 1.61 1.12 -1.36 -1.11
1.39 -0.47 -1.62 0.23 -0.23 -0.00 -1.62 0.69 -1.62 -1.39
-0.00 -1.22 -1.22 0.61 -0.41 -1.02 -1.43 -0.20 -0.41 0.41
-1.10 -0.36 -1.65 1.47 0.56 -0.73 -0.18 -0.73 1.47 1.47
1.49 -1.15 -1.32 -0.99 -1.49 -0.33 -1.49 -0.49 -0.16 -0.49
-1.66 -0.45 0.45 1.05 1.05 -0.15 0.90 -1.66 -0.45 1.35
0.41 -1.40 1.10 -0.01 -0.84 1.38 0.54 -0.57 -0.15 1.10
Mean of the first row: -0.00
Standard Deviation of the first row: 1.00
Mean of the last row: 0.00
Standard Deviation of the last row: 1.00
Time taken for NON-SIMD code: 21.92 seconds.
-----



Run #11
Matrix before normalization
9.00 3.00 6.00 8.00 2.00 1.00 6.00 6.00 1.00 6.00
9.00 7.00 8.00 4.00 11.00 6.00 7.00 0.00 1.00 2.00
11.00 1.00 6.00 5.00 0.00 3.00 6.00 5.00 0.00 11.00
10.00 3.00 3.00 4.00 5.00 6.00 2.00 7.00 6.00 3.00
2.00 7.00 10.00 10.00 8.00 9.00 5.00 1.00 11.00 11.00
13.00 14.00 15.00 2.00 10.00 2.00 0.00 4.00 14.00 3.00
0.00 16.00 13.00 0.00 0.00 13.00 2.00 3.00 3.00 16.00
20.00 8.00 11.00 12.00 5.00 15.00 20.00 8.00 1.00 1.00
17.00 5.00 19.00 12.00 16.00 14.00 3.00 5.00 19.00 13.00
18.00 19.00 10.00 20.00 23.00 20.00 2.00 20.00 1.00 7.00
Mean of the first row: 5.00
Standard Deviation of the first row: 3.16
Mean of the last row: 16284.32
Standard Deviation of the last row: 9482.18

Matrix after normalization
1.27 -0.63 0.32 0.95 -0.95 -1.26 0.32 0.32 -1.26 0.32
1.01 0.43 0.72 -0.44 1.59 0.14 0.43 -1.60 -1.31 -1.02
1.35 -1.33 0.01 -0.26 -1.60 -0.80 0.01 -0.26 -1.60 1.35
0.87 -0.88 -0.88 -0.63 -0.38 -0.13 -1.12 0.12 -0.13 -0.88
-1.16 0.00 0.70 0.70 0.23 0.47 -0.46 -1.39 0.93 0.93
1.02 1.22 1.43 -1.23 0.40 -1.23 -1.64 -0.82 1.22 -1.03
-1.64 1.27 0.72 -1.64 -1.64 0.72 -1.28 -1.10 -1.10 1.27
1.65 -0.33 0.17 0.33 -0.82 0.83 1.65 -0.33 -1.48 -1.48
0.90 -0.91 1.20 0.15 0.75 0.45 -1.21 -0.91 1.20 0.30
0.83 0.97 -0.28 1.10 1.52 1.10 -1.39 1.10 -1.53 -0.70
Mean of the first row: 0.00
Standard Deviation of the first row: 1.00
Mean of the last row: -0.00
Standard Deviation of the last row: 1.00
Time taken for NON-SIMD code: 21.80 seconds.
-----



Run #12
Matrix before normalization
1.00 4.00 1.00 1.00 5.00 6.00 0.00 9.00 9.00 0.00
2.00 6.00 8.00 10.00 11.00 4.00 3.00 10.00 9.00 7.00
4.00 6.00 8.00 4.00 4.00 9.00 2.00 0.00 7.00 4.00
4.00 1.00 9.00 4.00 7.00 1.00 11.00 12.00 1.00 6.00
2.00 11.00 12.00 0.00 8.00 4.00 5.00 7.00 11.00 13.00
4.00 13.00 8.00 13.00 13.00 0.00 8.00 8.00 4.00 8.00
3.00 15.00 6.00 16.00 8.00 16.00 8.00 2.00 4.00 14.00
6.00 13.00 15.00 4.00 6.00 7.00 9.00 4.00 2.00 9.00
8.00 22.00 3.00 19.00 16.00 16.00 10.00 6.00 14.00 18.00
7.00 1.00 8.00 21.00 0.00 20.00 10.00 22.00 18.00 4.00
Mean of the first row: 5.00
Standard Deviation of the first row: 3.15
Mean of the last row: 16383.45
Standard Deviation of the last row: 9504.30

Matrix after normalization
-1.27 -0.32 -1.27 -1.27 -0.00 0.32 -1.59 1.27 1.27 -1.59
-1.02 0.14 0.72 1.30 1.59 -0.44 -0.73 1.30 1.01 0.43
-0.54 -0.01 0.53 -0.54 -0.54 0.79 -1.08 -1.61 0.26 -0.54
-0.63 -1.38 0.61 -0.63 0.11 -1.38 1.11 1.36 -1.38 -0.13
-1.15 0.93 1.16 -1.61 0.24 -0.69 -0.46 0.01 0.93 1.40
-0.80 1.02 0.01 1.02 1.02 -1.61 0.01 0.01 -0.80 0.01
-1.10 1.09 -0.55 1.28 -0.19 1.28 -0.19 -1.29 -0.92 0.91
-0.66 0.50 0.83 -0.99 -0.66 -0.49 -0.16 -0.99 -1.32 -0.16
-0.45 1.66 -1.21 1.21 0.75 0.75 -0.15 -0.75 0.45 1.06
-0.69 -1.52 -0.55 1.25 -1.66 1.11 -0.27 1.39 0.83 -1.11
Mean of the first row: 0.00
Standard Deviation of the first row: 1.00
Mean of the last row: -0.00
Standard Deviation of the last row: 1.00
Time taken for NON-SIMD code: 22.33 seconds.
-----



Run #13
Matrix before normalization
0.00 7.00 7.00 7.00 1.00 0.00 3.00 9.00 9.00 8.00
4.00 7.00 6.00 5.00 5.00 10.00 9.00 8.00 9.00 10.00
10.00 1.00 11.00 4.00 12.00 3.00 2.00 11.00 1.00 11.00
12.00 12.00 9.00 1.00 1.00 2.00 9.00 8.00 9.00 13.00
3.00 11.00 0.00 13.00 11.00 12.00 2.00 12.00 12.00 1.00
13.00 11.00 7.00 8.00 10.00 6.00 15.00 6.00 14.00 4.00
18.00 9.00 10.00 15.00 3.00 14.00 3.00 13.00 13.00 2.00
9.00 5.00 16.00 6.00 13.00 17.00 2.00 9.00 5.00 2.00
14.00 0.00 6.00 6.00 3.00 15.00 12.00 7.00 5.00 1.00
16.00 5.00 9.00 10.00 23.00 3.00 4.00 14.00 0.00 7.00
Mean of the first row: 5.03
Standard Deviation of the first row: 3.16
Mean of the last row: 16351.89
Standard Deviation of the last row: 9459.09

Matrix after normalization
-1.59 0.63 0.63 0.63 -1.27 -1.59 -0.64 1.26 1.26 0.94
-0.44 0.43 0.14 -0.15 -0.15 1.30 1.01 0.72 1.01 1.30
1.06 -1.33 1.33 -0.53 1.60 -0.80 -1.06 1.33 -1.33 1.33
1.36 1.36 0.62 -1.36 -1.36 -1.12 0.62 0.37 0.62 1.61
-0.92 0.93 -1.62 1.39 0.93 1.16 -1.16 1.16 1.16 -1.39
1.02 0.62 -0.20 0.00 0.41 -0.41 1.43 -0.41 1.23 -0.81
1.64 -0.00 0.18 1.09 -1.10 0.91 -1.10 0.73 0.73 -1.28
-0.17 -0.83 0.99 -0.66 0.49 1.15 -1.32 -0.17 -0.83 -1.32
0.46 -1.64 -0.74 -0.74 -1.19 0.61 0.16 -0.59 -0.89 -1.49
0.56 -0.97 -0.41 -0.28 1.53 -1.25 -1.11 0.28 -1.66 -0.69
Mean of the first row: 0.00
Standard Deviation of the first row: 1.00
Mean of the last row: -0.00
Standard Deviation of the last row: 1.00
Time taken for NON-SIMD code: 22.49 seconds.
-----



Run #14
Matrix before normalization
7.00 10.00 8.00 2.00 1.00 4.00 5.00 2.00 5.00 9.00
0.00 1.00 5.00 5.00 7.00 1.00 2.00 8.00 7.00 6.00
8.00 2.00 2.00 9.00 4.00 7.00 2.00 1.00 12.00 11.00
11.00 4.00 2.00 0.00 6.00 9.00 4.00 8.00 7.00 0.00
2.00 3.00 8.00 12.00 8.00 6.00 7.00 13.00 7.00 2.00
7.00 10.00 0.00 13.00 2.00 14.00 6.00 0.00 16.00 5.00
1.00 3.00 12.00 9.00 17.00 2.00 16.00 0.00 15.00 17.00
9.00 7.00 11.00 13.00 17.00 16.00 9.00 20.00 9.00 4.00
17.00 0.00 16.00 10.00 20.00 7.00 22.00 21.00 5.00 22.00
3.00 3.00 11.00 22.00 21.00 8.00 1.00 24.00 1.00 6.00
Mean of the first row: 5.02
Standard Deviation of the first row: 3.17
Mean of the last row: 16363.52
Standard Deviation of the last row: 9501.37

Matrix after normalization
0.62 1.57 0.94 -0.95 -1.27 -0.32 -0.01 -0.95 -0.01 1.25
-1.59 -1.30 -0.14 -0.14 0.44 -1.30 -1.01 0.72 0.44 0.15
0.54 -1.06 -1.06 0.80 -0.53 0.27 -1.06 -1.33 1.60 1.34
1.12 -0.61 -1.11 -1.60 -0.12 0.62 -0.61 0.38 0.13 -1.60
-1.16 -0.93 0.22 1.14 0.22 -0.24 -0.01 1.37 -0.01 -1.16
-0.21 0.41 -1.64 1.02 -1.23 1.22 -0.41 -1.64 1.63 -0.61
-1.46 -1.09 0.54 -0.00 1.45 -1.28 1.27 -1.64 1.09 1.45
-0.17 -0.50 0.15 0.48 1.14 0.98 -0.17 1.64 -0.17 -1.00
0.91 -1.66 0.76 -0.15 1.36 -0.60 1.67 1.52 -0.91 1.67
-1.25 -1.25 -0.14 1.38 1.25 -0.56 -1.53 1.66 -1.53 -0.84
Mean of the first row: -0.00
Standard Deviation of the first row: 1.00
Mean of the last row: -0.00
Standard Deviation of the last row: 1.00
Time taken for NON-SIMD code: 23.62 seconds.
-----



Run #15
Matrix before normalization
1.00 6.00 4.00 1.00 2.00 9.00 8.00 10.00 7.00 7.00
4.00 2.00 2.00 11.00 0.00 5.00 9.00 3.00 9.00 3.00
0.00 7.00 2.00 9.00 11.00 6.00 3.00 10.00 0.00 12.00
0.00 13.00 3.00 2.00 13.00 4.00 12.00 13.00 1.00 7.00
5.00 1.00 6.00 2.00 14.00 4.00 2.00 9.00 9.00 14.00
16.00 0.00 15.00 0.00 3.00 13.00 13.00 7.00 13.00 0.00
4.00 9.00 16.00 5.00 18.00 6.00 0.00 4.00 0.00 15.00
16.00 15.00 10.00 17.00 2.00 4.00 7.00 6.00 0.00 5.00
14.00 16.00 5.00 15.00 11.00 3.00 19.00 5.00 16.00 0.00
7.00 21.00 23.00 13.00 21.00 23.00 0.00 0.00 9.00 0.00
Mean of the first row: 5.02
Standard Deviation of the first row: 3.15
Mean of the last row: 16358.55
Standard Deviation of the last row: 9477.26

Matrix after normalization
-1.27 0.31 -0.32 -1.27 -0.96 1.26 0.95 1.58 0.63 0.63
-0.44 -1.02 -1.02 1.59 -1.60 -0.15 1.01 -0.73 1.01 -0.73
-1.60 0.27 -1.07 0.80 1.34 0.00 -0.80 1.07 -1.60 1.61
-1.61 1.62 -0.87 -1.12 1.62 -0.62 1.37 1.62 -1.37 0.13
-0.46 -1.39 -0.23 -1.15 1.62 -0.69 -1.15 0.47 0.47 1.62
1.63 -1.66 1.43 -1.66 -1.04 1.02 1.02 -0.22 1.02 -1.66
-0.91 0.00 1.28 -0.73 1.65 -0.55 -1.64 -0.91 -1.64 1.10
0.99 0.83 -0.00 1.16 -1.33 -0.99 -0.50 -0.66 -1.66 -0.83
0.45 0.75 -0.91 0.60 -0.01 -1.21 1.20 -0.91 0.75 -1.67
-0.70 1.24 1.52 0.13 1.24 1.52 -1.67 -1.67 -0.42 -1.67
Mean of the first row: -0.00
Standard Deviation of the first row: 1.00
Mean of the last row: -0.00
Standard Deviation of the last row: 1.00
Time taken for NON-SIMD code: 22.22 se